1 0.01 1.0
1 0.02 1.0
1 0.03 1.0
1 0.04 1.0
1 0.05 1.0
1 0.06 1.0
1 0.07 1.0
1 0.08 1.0
1 0.09 1.0
1 0.1 1.0
1 0.11 1.0
1 0.12 1.0
1 0.13 1.0
1 0.14 1.0
1 0.15 1.0
1 0.16 1.0
1 0.17 1.0
1 0.18 1.0
1 0.19 1.0
1 0.2 1.0
2 0.01 0.01
2 0.02 0.01
2 0.03 0.02
2 0.04 0.02
2 0.05 0.06
2 0.06 0.06
2 0.07 0.08
2 0.08 0.07
2 0.09 0.07
2 0.1 0.07
2 0.11 0.14
2 0.12 0.14
2 0.13 0.12
2 0.14 0.08
2 0.15 0.19
2 0.16 0.13
2 0.17 0.16
2 0.18 0.13
2 0.19 0.13
2 0.2 0.15
3 0.01 0.0
3 0.02 0.0
3 0.03 0.0
3 0.04 0.0
3 0.05 0.04
3 0.06 0.0
3 0.07 0.04
3 0.08 0.01
3 0.09 0.0
3 0.1 0.04
3 0.11 0.03
3 0.12 0.06
3 0.13 0.06
3 0.14 0.03
3 0.15 0.1
3 0.16 0.06
3 0.17 0.04
3 0.18 0.08
3 0.19 0.05
3 0.2 0.06
4 0.01 0.0
4 0.02 0.0
4 0.03 0.0
4 0.04 0.0
4 0.05 0.0
4 0.06 0.0
4 0.07 0.0
4 0.08 0.0
4 0.09 0.02
4 0.1 0.01
4 0.11 0.0
4 0.12 0.01
4 0.13 0.05
4 0.14 0.01
4 0.15 0.04
4 0.16 0.0
4 0.17 0.12
4 0.18 0.04
4 0.19 0.08
4 0.2 0.13
5 0.01 0.0
5 0.02 0.0
5 0.03 0.0
5 0.04 0.0
5 0.05 0.0
5 0.06 0.0
5 0.07 0.0
5 0.08 0.01
5 0.09 0.01
5 0.1 0.01
5 0.11 0.0
5 0.12 0.03
5 0.13 0.0
5 0.14 0.02
5 0.15 0.01
5 0.16 0.04
5 0.17 0.05
5 0.18 0.06
5 0.19 0.06
5 0.2 0.09
6 0.01 0.0
6 0.02 0.0
6 0.03 0.0
6 0.04 0.0
6 0.05 0.0
6 0.06 0.0
6 0.07 0.01
6 0.08 0.0
6 0.09 0.01
6 0.1 0.0
6 0.11 0.01
6 0.12 0.01
6 0.13 0.02
6 0.14 0.03
6 0.15 0.03
6 0.16 0.03
6 0.17 0.02
6 0.18 0.04
6 0.19 0.03
6 0.2 0.09
7 0.01 0.0
7 0.02 0.0
7 0.03 0.0
7 0.04 0.0
7 0.05 0.0
7 0.06 0.0
7 0.07 0.0
7 0.08 0.0
7 0.09 0.01
7 0.1 0.0
7 0.11 0.02
7 0.12 0.01
7 0.13 0.05
7 0.14 0.0
7 0.15 0.03
7 0.16 0.06
7 0.17 0.06
7 0.18 0.1
7 0.19 0.12
7 0.2 0.15
8 0.01 0.0
8 0.02 0.0
8 0.03 0.0
8 0.04 0.0
8 0.05 0.0
8 0.06 0.0
8 0.07 0.0
8 0.08 0.01
8 0.09 0.01
8 0.1 0.0
8 0.11 0.0
8 0.12 0.0
8 0.13 0.03
8 0.14 0.02
8 0.15 0.03
8 0.16 0.02
8 0.17 0.11
8 0.18 0.08
8 0.19 0.13
8 0.2 0.16
9 0.01 0.0
9 0.02 0.0
9 0.03 0.0
9 0.04 0.0
9 0.05 0.0
9 0.06 0.0
9 0.07 0.0
9 0.08 0.01
9 0.09 0.0
9 0.1 0.0
9 0.11 0.03
9 0.12 0.01
9 0.13 0.03
9 0.14 0.04
9 0.15 0.08
9 0.16 0.12
9 0.17 0.14
9 0.18 0.14
9 0.19 0.14
9 0.2 0.19
10 0.01 0.0
10 0.02 0.0
10 0.03 0.0
10 0.04 0.0
10 0.05 0.0
10 0.06 0.0
10 0.07 0.0
10 0.08 0.0
10 0.09 0.0
10 0.1 0.02
10 0.11 0.01
10 0.12 0.01
10 0.13 0.04
10 0.14 0.04
10 0.15 0.05
10 0.16 0.1
10 0.17 0.12
10 0.18 0.17
10 0.19 0.17
10 0.2 0.33
11 0.01 0.0
11 0.02 0.0
11 0.03 0.0
11 0.04 0.0
11 0.05 0.0
11 0.06 0.0
11 0.07 0.0
11 0.08 0.0
11 0.09 0.01
11 0.1 0.01
11 0.11 0.0
11 0.12 0.03
11 0.13 0.03
11 0.14 0.05
11 0.15 0.07
11 0.16 0.09
11 0.17 0.12
11 0.18 0.19
11 0.19 0.2
11 0.2 0.34
12 0.01 0.0
12 0.02 0.0
12 0.03 0.0
12 0.04 0.0
12 0.05 0.0
12 0.06 0.0
12 0.07 0.0
12 0.08 0.0
12 0.09 0.01
12 0.1 0.0
12 0.11 0.0
12 0.12 0.01
12 0.13 0.09
12 0.14 0.07
12 0.15 0.04
12 0.16 0.11
12 0.17 0.11
12 0.18 0.25
12 0.19 0.26
12 0.2 0.26
13 0.01 0.0
13 0.02 0.0
13 0.03 0.0
13 0.04 0.0
13 0.05 0.0
13 0.06 0.0
13 0.07 0.01
13 0.08 0.0
13 0.09 0.02
13 0.1 0.0
13 0.11 0.0
13 0.12 0.01
13 0.13 0.07
13 0.14 0.08
13 0.15 0.17
13 0.16 0.16
13 0.17 0.24
13 0.18 0.26
13 0.19 0.34
13 0.2 0.41
14 0.01 0.0
14 0.02 0.0
14 0.03 0.0
14 0.04 0.0
14 0.05 0.0
14 0.06 0.0
14 0.07 0.0
14 0.08 0.0
14 0.09 0.0
14 0.1 0.01
14 0.11 0.01
14 0.12 0.05
14 0.13 0.09
14 0.14 0.11
14 0.15 0.23
14 0.16 0.22
14 0.17 0.16
14 0.18 0.34
14 0.19 0.34
14 0.2 0.52
15 0.01 0.0
15 0.02 0.0
15 0.03 0.0
15 0.04 0.0
15 0.05 0.0
15 0.06 0.0
15 0.07 0.0
15 0.08 0.0
15 0.09 0.01
15 0.1 0.01
15 0.11 0.02
15 0.12 0.06
15 0.13 0.09
15 0.14 0.1
15 0.15 0.15
15 0.16 0.26
15 0.17 0.3
15 0.18 0.36
15 0.19 0.42
15 0.2 0.49
16 0.01 0.0
16 0.02 0.0
16 0.03 0.0
16 0.04 0.0
16 0.05 0.0
16 0.06 0.0
16 0.07 0.0
16 0.08 0.0
16 0.09 0.01
16 0.1 0.03
16 0.11 0.04
16 0.12 0.12
16 0.13 0.06
16 0.14 0.1
16 0.15 0.11
16 0.16 0.27
16 0.17 0.34
16 0.18 0.46
16 0.19 0.49
16 0.2 0.58
17 0.01 0.0
17 0.02 0.0
17 0.03 0.0
17 0.04 0.0
17 0.05 0.0
17 0.06 0.0
17 0.07 0.0
17 0.08 0.0
17 0.09 0.01
17 0.1 0.01
17 0.11 0.07
17 0.12 0.08
17 0.13 0.09
17 0.14 0.13
17 0.15 0.25
17 0.16 0.31
17 0.17 0.36
17 0.18 0.49
17 0.19 0.61
17 0.2 0.57
18 0.01 0.0
18 0.02 0.0
18 0.03 0.0
18 0.04 0.0
18 0.05 0.0
18 0.06 0.0
18 0.07 0.0
18 0.08 0.0
18 0.09 0.0
18 0.1 0.04
18 0.11 0.07
18 0.12 0.11
18 0.13 0.19
18 0.14 0.29
18 0.15 0.26
18 0.16 0.34
18 0.17 0.45
18 0.18 0.42
18 0.19 0.56
18 0.2 0.71
19 0.01 0.0
19 0.02 0.0
19 0.03 0.0
19 0.04 0.0
19 0.05 0.0
19 0.06 0.0
19 0.07 0.0
19 0.08 0.0
19 0.09 0.01
19 0.1 0.05
19 0.11 0.05
19 0.12 0.14
19 0.13 0.18
19 0.14 0.31
19 0.15 0.35
19 0.16 0.41
19 0.17 0.56
19 0.18 0.56
19 0.19 0.67
19 0.2 0.71
20 0.01 0.0
20 0.02 0.0
20 0.03 0.0
20 0.04 0.0
20 0.05 0.0
20 0.06 0.0
20 0.07 0.0
20 0.08 0.02
20 0.09 0.04
20 0.1 0.05
20 0.11 0.09
20 0.12 0.12
20 0.13 0.3
20 0.14 0.35
20 0.15 0.42
20 0.16 0.42
20 0.17 0.55
20 0.18 0.62
20 0.19 0.64
20 0.2 0.67
